core/tests/sample_data/185A007.ROS
* Sea-Bird SBE 9 Data File:
* FileName = C:\CTD_ACQUISITION\2021185HUD\ctddata\185A007.hdr
* Software Version Seasave V 7.26.7.121
* Temperature SN = 5083
* Conductivity SN = 3562
* Number of Bytes Per Scan = 40
* Number of Voltage Words = 5
* Number of Scans Averaged by the Deck Unit = 1
* NMEA Latitude = 44 16.00 N
* NMEA Longitude = 063 18.99 W
* NMEA UTC (Time) = Sep 17 2021 03:38:31
* NMEA baud rate = 9600
** Ship: HUDSON
** Cruise: HUD2021185
** Chief_Scientist: CHANTELLE LAYTON
** Organization: BIO
** Area_of_Operation: SCOTIAN SHELF
** Cruise_Description: ATLANTIC ZONE MONITORING PROGRAM (AZMP)
** Station_Name: 007
** Event_Number:  007
** Sounding:  148
** Event_Comments: HL_02,488275
# nquan = 20
# nvalues = 490                                   
# units = specified
# name 0 = scan: Scan Count
# name 1 = timeS: Time, Elapsed [seconds]
# name 2 = prDM: Pressure, Digiquartz [db]
# name 3 = t068C: Temperature [IPTS-68, deg C]
# name 4 = c0S/m: Conductivity [S/m]
# name 5 = t168C: Temperature, 2 [IPTS-68, deg C]
# name 6 = c1S/m: Conductivity, 2 [S/m]
# name 7 = altM: Altimeter [m]
# name 8 = par/log: PAR/Logarithmic, Satlantic [umol photons/m2/s]
# name 9 = sbeox0V: Oxygen raw, SBE 43 [V]
# name 10 = sbeox1V: Oxygen raw, SBE 43, 2 [V]
# name 11 = flSPuv0: Fluorescence, Seapoint Ultraviolet
# name 12 = flSP: Fluorescence, Seapoint
# name 13 = ph: pH
# name 14 = turbWETbb0: Turbidity, WET Labs ECO BB [m^-1/sr]
# name 15 = spar: SPAR/Surface Irradiance
# name 16 = latitude: Latitude [deg]
# name 17 = longitude: Longitude [deg]
# name 18 = nbf: Bottles Fired
# name 19 = flag:  0.000e+00
# interval = seconds: 0.0416667
# start_time = Sep 17 2021 03:38:31 [NMEA time, header]
# bad_flag = -9.990e-29
*END*
[from data line 290]
      29234   1218.042     39.835     5.6085   3.168370     5.7454   3.179021      83.66 1.0039e-01     2.2824     2.2714     2.8449 3.7851e-01      7.951 2.4654e-04 1.2454e-01   44.26752  -63.31854          6  0.000e+00
      29235   1218.083     39.710     5.6251   3.168326     5.7486   3.179043      83.66 1.0039e-01     2.2812     2.2714     2.8571 3.9072e-01      7.951 2.4654e-04 1.2454e-01   44.26752  -63.31854          6  0.000e+00
      29236   1218.125     39.890     5.6442   3.168287     5.7538   3.179083      83.66 1.0039e-01     2.2824     2.2714     2.8694 4.0293e-01      7.951 2.4654e-04 1.2454e-01   44.26752  -63.31854          6  0.000e+00
      29237   1218.167     39.835     5.6586   3.168237     5.7539   3.179230      83.66 1.0039e-01     2.2824     2.2714     2.8694 4.0293e-01      7.951 2.4654e-04 1.2454e-01   44.26752  -63.31854          6  0.000e+00
      30872   1286.292     30.300     8.6260   3.402280     8.7492   3.414870      65.91 1.0039e-01     2.5560     2.5389     2.8938 2.5031e+00      8.036 3.3395e-04 1.2454e-01   44.26758  -63.31868          7  0.000e+00
      30873   1286.333     30.071     8.6526   3.402921     8.7476   3.414916      65.91 1.0039e-01     2.5560     2.5389     2.8938 2.5519e+00      8.036 3.3395e-04 1.2454e-01   44.26758  -63.31868          7  0.000e+00
      30874   1286.375     30.404     8.6731   3.404193     8.7471   3.415161      65.91 1.0039e-01     2.5560     2.5389     2.8694 2.5885e+00      8.036 3.3395e-04 1.2454e-01   44.26758  -63.31868          7  0.000e+00
      30875   1286.417     30.272     8.6867   3.405300     8.7434   3.415353      65.91 1.0039e-01     2.5560     2.5389     2.8571 2.5885e+00      8.036 3.3395e-04 1.2454e-01   44.26758  -63.31868          7  0.000e+00
      30876   1286.458     30.272     8.6945   3.405942     8.7365   3.415440      65.91 1.0039e-01     2.5560     2.5389     2.8694 2.5519e+00      8.035 3.3395e-04 1.2454e-01   44.26758  -63.31868          7  0.000e+00
      30877   1286.500     30.252     8.7017   3.406527     8.7360   3.415504      65.91 1.0039e-01     2.5560     2.5389     2.8816 2.5153e+00      8.035 3.3395e-04 1.2454e-01   44.26758  -63.31868          7  0.000e+00
      30878   1286.542     30.272     8.7070   3.407345     8.7403   3.415522      65.91 1.0039e-01     2.5547     2.5389     2.8816 2.4786e+00      8.035 3.3395e-04 1.2454e-01   44.26758  -63.31868          7  0.000e+00
      30879   1286.583     30.272     8.7046   3.408424     8.7423   3.415470      65.91 1.0039e-01     2.5560     2.5389     2.8816 2.4664e+00      8.035 3.3395e-04 1.2454e-01   44.26758  -63.31868          7  0.000e+00
      30880   1286.625     30.300     8.6991   3.409254     8.7449   3.415574      65.91 1.0039e-01     2.5560     2.5401     2.8938 2.4542e+00      8.035 3.3395e-04 1.2454e-01   44.26758  -63.31868          7  0.000e+00
      30881   1286.667     30.272     8.6956   3.409754     8.7477   3.415796      65.91 1.0039e-01     2.5560     2.5401     2.9060 2.4542e+00      8.035 3.3395e-04 1.2454e-01   44.26758  -63.31868          7  0.000e+00
      30882   1286.708     30.251     8.6960   3.410277     8.7502   3.415999      65.91 1.0039e-01     2.5547     2.5401     2.9060 2.4664e+00      8.035 3.3395e-04 1.2454e-01   44.26758  -63.31868          7  0.000e+00
      30883   1286.750     30.272     8.6934   3.410709     8.7526   3.416092      65.91 1.0039e-01     2.5560     2.5401     2.8938 2.5031e+00      8.036 3.3395e-04 1.2454e-01   44.26758  -63.31868          7  0.000e+00
      30884   1286.792     30.272     8.6951   3.410993     8.7533   3.416011      65.89 1.0039e-01     2.5547     2.5401     2.8938 2.5397e+00      8.035 3.3395e-04 1.2454e-01   44.26758  -63.31868          7  0.000e+00
      30885   1286.833     30.300     8.6977   3.411237     8.7533   3.415982      66.35 1.0039e-01     2.5547     2.5401     2.8938 2.5397e+00      8.035 3.3031e-04 1.2454e-01   44.26758  -63.31868          7  0.000e+00
      30886   1286.875     30.272     8.7001   3.411828     8.7533   3.416028      66.84 1.0039e-01     2.5547     2.5401     2.9182 2.5153e+00      8.035 3.2302e-04 1.2454e-01   44.26758  -63.31868          7  0.000e+00
      30887   1286.917     30.251     8.7080   3.412465     8.7528   3.416023      66.94 1.0039e-01     2.5535     2.5401     2.9182 2.5031e+00      8.035 3.1938e-04 1.2454e-01   44.26758  -63.31868          7  0.000e+00
      30888   1286.958     30.272     8.7136   3.413050     8.7513   3.415947      66.94 1.0039e-01     2.5535     2.5401     2.9060 2.5031e+00      8.035 3.1938e-04 1.2454e-01   44.26758  -63.31868          7  0.000e+00
      30889   1287.000     30.272     8.7188   3.413437     8.7508   3.415964      66.89 1.0039e-01     2.5535     2.5401     2.8938 2.5031e+00      8.035 3.1938e-04 1.2454e-01   44.26758  -63.31868          7  0.000e+00
      30890   1287.042     30.251     8.7278   3.413778     8.7515   3.415935      66.89 1.0039e-01     2.5535     2.5401     2.8938 2.4786e+00      8.035 3.1938e-04 1.2454e-01   44.26758  -63.31868          7  0.000e+00
      30891   1287.083     30.272     8.7322   3.413937     8.7512   3.415807      66.91 1.0039e-01     2.5535     2.5401     2.9060 2.4542e+00      8.035 3.1938e-04 1.2454e-01   44.26758  -63.31868          7  0.000e+00
      30892   1287.125     30.251     8.7365   3.413891     8.7493   3.415580      66.89 1.0039e-01     2.5535     2.5401     2.9060 2.4298e+00      8.035 3.1938e-04 1.2454e-01   44.26758  -63.31868          7  0.000e+00
      30893   1287.167     30.272     8.7396   3.413817     8.7469   3.415423      66.89 1.0039e-01     2.5535     2.5401     2.9182 2.4542e+00      8.035 3.1938e-04 1.2454e-01   44.26758  -63.31868          7  0.000e+00
      30894   1287.208     30.272     8.7396   3.413874     8.7444   3.415370      66.89 1.0039e-01     2.5535     2.5401     2.8938 2.4786e+00      8.035 3.1938e-04 1.2454e-01   44.26758  -63.31868          7  0.000e+00
      30895   1287.250     30.251     8.7376   3.413806     8.7447   3.415592      66.89 1.0039e-01     2.5535     2.5401     2.8938 2.5031e+00      8.035 3.1938e-04 1.2454e-01   44.26758  -63.31868          7  0.000e+00
      30896   1287.292     30.272     8.7362   3.413698     8.7476   3.415883      66.89 1.0039e-01     2.5535     2.5401     2.8938 2.5031e+00      8.035 3.1938e-04 1.2454e-01   44.26758  -63.31868          7  0.000e+00
      30897   1287.333     30.251     8.7381   3.413777     8.7487   3.416110      66.89 1.0039e-01     2.5535     2.5401     2.8816 2.4908e+00      8.035 3.1938e-04 1.2454e-01   44.26758  -63.31868          7  0.000e+00
      30898   1287.375     30.224     8.7410   3.413897     8.7493   3.416191      66.89 1.0039e-01     2.5535     2.5401     2.8938 2.5031e+00      8.035 3.1938e-04 1.2454e-01   44.26758  -63.31868          7  0.000e+00
      30899   1287.417     30.272     8.7419   3.413908     8.7492   3.416034      66.91 1.0039e-01     2.5535     2.5401     2.9182 2.5031e+00      8.035 3.1938e-04 1.2454e-01   44.26758  -63.31868          7  0.000e+00
      30900   1287.458     30.251     8.7420   3.413868     8.7479   3.415842      66.89 1.0039e-01     2.5535     2.5401     2.9182 2.4786e+00      8.035 3.1938e-04 1.2454e-01   44.26758  -63.31868          7  0.000e+00
      30901   1287.500     30.223     8.7415   3.413794     8.7474   3.415848      66.89 1.0039e-01     2.5547     2.5401     2.8938 2.4542e+00      8.035 3.1938e-04 1.2454e-01   44.26758  -63.31868          7  0.000e+00
      30902   1287.542     30.251     8.7410   3.413658     8.7444   3.415883      66.91 1.0039e-01     2.5547     2.5401     2.8816 2.4420e+00      8.035 3.1938e-04 1.2454e-01   44.26758  -63.31868          7  0.000e+00
      30903   1287.583     30.223     8.7407   3.413760     8.7439   3.415912      66.89 1.0039e-01     2.5547     2.5401     2.8694 2.4176e+00      8.035 3.1938e-04 1.2454e-01   44.26758  -63.31868          7  0.000e+00
      30904   1287.625     30.223     8.7407   3.413937     8.7444   3.415761      66.91 1.0039e-01     2.5547     2.5401     2.8816 2.3687e+00      8.035 3.1938e-04 1.2454e-01   44.26758  -63.31868          7  0.000e+00
      30905   1287.667     30.251     8.7404   3.414124     8.7447   3.415405      66.91 1.0039e-01     2.5547     2.5401     2.9182 2.3321e+00      8.035 3.1938e-04 1.2454e-01   44.26758  -63.31868          7  0.000e+00
      30906   1287.708     30.223     8.7393   3.414175     8.7430   3.415324      66.91 1.0039e-01     2.5547     2.5401     2.9304 2.3199e+00      8.035 3.1938e-04 1.2454e-01   44.26758  -63.31868          7  0.000e+00
      30907   1287.750     30.196     8.7366   3.414119     8.7426   3.415336      66.91 1.0039e-01     2.5560     2.5401     2.9304 2.3443e+00      8.035 3.1938e-04 1.2454e-01   44.26758  -63.31868          7  0.000e+00
      30908   1287.792     30.223     8.7368   3.414113     8.7426   3.415336      66.89 1.0039e-01     2.5560     2.5401     2.9304 2.3443e+00      8.035 3.1938e-04 1.2454e-01   44.26758  -63.31868          7  0.000e+00
      30909   1287.833     30.223     8.7363   3.414158     8.7410   3.415283      66.74 1.0039e-01     2.5560     2.5401     2.9304 2.3199e+00      8.035 3.1938e-04 1.2454e-01   44.26758  -63.31868          7  0.000e+00
      30910   1287.875     30.196     8.7355   3.414244     8.7405   3.415295      66.62 1.0039e-01     2.5560     2.5401     2.8938 2.3077e+00      8.035 3.1938e-04 1.2454e-01   44.26758  -63.31868          7  0.000e+00
      30911   1287.917     30.223     8.7360   3.414391     8.7392   3.415330      66.59 1.0039e-01     2.5560     2.5401     2.8816 2.3199e+00      8.035 3.1574e-04 1.2454e-01   44.26758  -63.31868          7  0.000e+00
      30912   1287.958     30.196     8.7362   3.414471     8.7384   3.415336      66.59 1.0039e-01     2.5560     2.5401     2.8816 2.3687e+00      8.035 3.1574e-04 1.2454e-01   44.26758  -63.31868          7  0.000e+00
      30913   1288.000     30.175     8.7358   3.414528     8.7382   3.415312      66.59 1.0039e-01     2.5560     2.5401     2.8938 2.4176e+00      8.035 3.1574e-04 1.2454e-01   44.26758  -63.31868          7  0.000e+00
      30914   1288.042     30.223     8.7353   3.414369     8.7387   3.415306      66.59 1.0039e-01     2.5572     2.5401     2.9060 2.4054e+00      8.035 3.1574e-04 1.2454e-01   44.26758  -63.31868          7  0.000e+00
      30915   1288.083     30.147     8.7342   3.414187     8.7389   3.415277      66.59 1.0039e-01     2.5572     2.5401     2.9304 2.3565e+00      8.035 3.1574e-04 1.2454e-01   44.26758  -63.31868          7  0.000e+00
      30916   1288.125     30.223     8.7329   3.414028     8.7398   3.415318      66.59 1.0039e-01     2.5560     2.5401     2.9182 2.3321e+00      8.035 3.1574e-04 1.2454e-01   44.26758  -63.31868          7  0.000e+00
      30917   1288.167     30.147     8.7324   3.413971     8.7406   3.415312      66.59 1.0039e-01     2.5572     2.5401     2.9060 2.3443e+00      8.035 3.1574e-04 1.2454e-01   44.26758  -63.31868          7  0.000e+00
      30918   1288.208     30.223     8.7319   3.413908     8.7416   3.415306      66.59 1.0039e-01     2.5584     2.5401     2.8938 2.3565e+00      8.035 3.1574e-04 1.2454e-01   44.26758  -63.31868          7  0.000e+00
      30919   1288.250     30.175     8.7316   3.413874     8.7431   3.415254      66.59 1.0039e-01     2.5584     2.5401     2.8816 2.3565e+00      8.035 3.1574e-04 1.2454e-01   44.26758  -63.31868          7  0.000e+00
      30920   1288.292     30.147     8.7327   3.413891     8.7426   3.415079      66.62 1.0039e-01     2.5584     2.5401     2.8938 2.3687e+00      8.035 3.1574e-04 1.2454e-01   44.26758  -63.31868          7  0.000e+00
      32428   1351.125     19.849    15.8658   3.948741    16.0164   3.956714      50.40 1.0039e-01     2.6366     2.6133     2.3687 1.2332e+00      8.116 2.9389e-04 1.2454e-01   44.26764  -63.31880          8  0.000e+00
      32429   1351.167     20.015    15.9047   3.950608    15.9805   3.956277      50.40 1.0039e-01     2.6366     2.6133     2.3687 1.2454e+00      8.116 2.9389e-04 1.2454e-01   44.26764  -63.31880          8  0.000e+00
      32430   1351.208     19.918    15.9467   3.951872    15.9872   3.955321      50.40 1.0039e-01     2.6366     2.6133     2.3687 1.2576e+00      8.115 2.9389e-04 1.2454e-01   44.26764  -63.31880          8  0.000e+00
      32431   1351.250     20.070    15.9624   3.952372    15.9943   3.954420      50.40 1.0039e-01     2.6353     2.6133     2.3810 1.2454e+00      8.115 2.9389e-04 1.2454e-01   44.26764  -63.31880          8  0.000e+00
      32432   1351.292     19.862    15.9592   3.952180    15.9658   3.953717      50.40 1.0039e-01     2.6353     2.6133     2.3687 1.2210e+00      8.115 2.9389e-04 1.2454e-01   44.26764  -63.31880          8  0.000e+00
      32433   1351.333     20.015    15.9552   3.951890    15.9503   3.952854      50.40 1.0039e-01     2.6353     2.6121     2.3565 1.1966e+00      8.115 2.9389e-04 1.2454e-01   44.26764  -63.31880          8  0.000e+00
      32434   1351.375     19.952    15.9438   3.951565    15.9364   3.951812      50.40 1.0039e-01     2.6341     2.6121     2.3565 1.1844e+00      8.115 2.9389e-04 1.2454e-01   44.26764  -63.31880          8  0.000e+00
      32435   1351.417     19.862    15.9445   3.951131    15.9146   3.950986      50.40 1.0039e-01     2.6341     2.6121     2.3687 1.1722e+00      8.115 2.9389e-04 1.2454e-01   44.26764  -63.31880          8  0.000e+00
      32436   1351.458     19.918    15.9432   3.950535    15.9081   3.950999      50.40 1.0039e-01     2.6341     2.6121     2.3810 1.1844e+00      8.115 2.9389e-04 1.2454e-01   44.26764  -63.31880          8  0.000e+00
      32437   1351.500     19.918    15.9389   3.949915    15.9066   3.951479      50.40 1.0039e-01     2.6341     2.6121     2.3810 1.1844e+00      8.115 2.9389e-04 1.2454e-01   44.26764  -63.31880          8  0.000e+00
      32438   1351.542     19.918    15.9421   3.949553    15.9172   3.951997      50.40 1.0039e-01     2.6329     2.6109     2.3932 1.1966e+00      8.115 2.9389e-04 1.2454e-01   44.26764  -63.31880          8  0.000e+00
      32439   1351.583     19.862    15.9452   3.949589    15.9553   3.952311      50.40 1.0039e-01     2.6329     2.6109     2.3932 1.2088e+00      8.115 2.9389e-04 1.2454e-01   44.26764  -63.31880          8  0.000e+00
      32440   1351.625     19.918    15.9551   3.950390    15.9802   3.952613      50.40 1.0039e-01     2.6329     2.6109     2.3687 1.2332e+00      8.115 2.9389e-04 1.2454e-01   44.26764  -63.31880          8  0.000e+00
      32441   1351.667     19.848    15.9699   3.951505    15.9984   3.952866      50.40 1.0039e-01     2.6317     2.6109     2.3932 1.2454e+00      8.115 2.9389e-04 1.2454e-01   44.26764  -63.31880          8  0.000e+00
      32442   1351.708     19.918    15.9769   3.952300    16.0028   3.953168      50.40 1.0039e-01     2.6317     2.6097     2.3932 1.2698e+00      8.115 2.9389e-04 1.2454e-01   44.26764  -63.31880          8  0.000e+00
      32443   1351.750     19.862    15.9845   3.952679    16.0080   3.953606      50.40 1.0039e-01     2.6317     2.6097     2.3932 1.2943e+00      8.115 2.9389e-04 1.2454e-01   44.26764  -63.31880          8  0.000e+00
      32444   1351.792     19.814    15.9956   3.952968    15.9960   3.954303      50.40 1.0039e-01     2.6304     2.6085     2.3810 1.2821e+00      8.115 2.9389e-04 1.2454e-01   44.26764  -63.31880          8  0.000e+00
      32445   1351.833     19.862    16.0006   3.953029    16.0074   3.955067      50.62 1.0039e-01     2.6304     2.6085     2.3687 1.2454e+00      8.115 2.9389e-04 1.2454e-01   44.26764  -63.31880          8  0.000e+00
