core/tests/sample_data/185A007.ROS
* Sea-Bird SBE 9 Data File:
* FileName = C:\CTD_ACQUISITION\2021185HUD\ctddata\185A007.hdr
* Software Version Seasave V 7.26.7.121
* Temperature SN = 5083
* Conductivity SN = 3562
* Number of Bytes Per Scan = 40
* Number of Voltage Words = 5
* Number of Scans Averaged by the Deck Unit = 1
* NMEA Latitude = 44 16.00 N
* NMEA Longitude = 063 18.99 W
* NMEA UTC (Time) = Sep 17 2021 03:38:31
* NMEA baud rate = 9600
** Ship: HUDSON
** Cruise: HUD2021185
** Chief_Scientist: CHANTELLE LAYTON
** Organization: BIO
** Area_of_Operation: SCOTIAN SHELF
** Cruise_Description: ATLANTIC ZONE MONITORING PROGRAM (AZMP)
** Station_Name: 007
** Event_Number:  007
** Sounding:  148
** Event_Comments: HL_02,488275
# nquan = 20
# nvalues = 490                                   
# units = specified
# name 0 = scan: Scan Count
# name 1 = timeS: Time, Elapsed [seconds]
# name 2 = prDM: Pressure, Digiquartz [db]
# name 3 = t068C: Temperature [IPTS-68, deg C]
# name 4 = c0S/m: Conductivity [S/m]
# name 5 = t168C: Temperature, 2 [IPTS-68, deg C]
# name 6 = c1S/m: Conductivity, 2 [S/m]
# name 7 = altM: Altimeter [m]
# name 8 = par/log: PAR/Logarithmic, Satlantic [umol photons/m2/s]
# name 9 = sbeox0V: Oxygen raw, SBE 43 [V]
# name 10 = sbeox1V: Oxygen raw, SBE 43, 2 [V]
# name 11 = flSPuv0: Fluorescence, Seapoint Ultraviolet
# name 12 = flSP: Fluorescence, Seapoint
# name 13 = ph: pH
# name 14 = turbWETbb0: Turbidity, WET Labs ECO BB [m^-1/sr]
# name 15 = spar: SPAR/Surface Irradiance
# name 16 = latitude: Latitude [deg]
# name 17 = longitude: Longitude [deg]
# name 18 = nbf: Bottles Fired
# name 19 = flag:  0.000e+00
# interval = seconds: 0.0416667
# start_time = Sep 17 2021 03:38:31 [NMEA time, header]
# bad_flag = -9.990e-29
*END*
[from data line 73]
      21827    909.417     99.559     5.6877   3.257426     5.6759   3.256973      52.14 1.0039e-01     1.9330     1.9183     2.6618 3.6630e-02      7.880 4.4322e-04 1.2454e-01   44.26736  -63.31802          2  0.000e+00
      21828    909.458     99.559     5.6883   3.257437     5.6785   3.257042      52.14 1.0039e-01     1.9342     1.9183     2.6496 4.8840e-02      7.880 4.3958e-04 1.2454e-01   44.26736  -63.31802          2  0.000e+00
      21829    909.500     99.511     5.6886   3.257387     5.6813   3.257116      52.14 1.0039e-01     1.9342     1.9183     2.6496 4.8840e-02      7.880 3.8494e-04 1.2454e-01   44.26736  -63.31802          2  0.000e+00
      21830    909.542     99.559     5.6884   3.257409     5.6825   3.257276      52.14 1.0039e-01     1.9330     1.9183     2.6496 3.6630e-02      7.880 3.3759e-04 1.2454e-01   44.26736  -63.31802          2  0.000e+00
      21831    909.583     99.511     5.6886   3.257409     5.6808   3.257396      52.14 1.0039e-01     1.9330     1.9183     2.6496 3.6630e-02      7.880 3.3031e-04 1.2454e-01   44.26736  -63.31802          2  0.000e+00
      21832    909.625     99.559     5.6885   3.257426     5.6795   3.257476      52.14 1.0039e-01     1.9342     1.9183     2.6618 3.6630e-02      7.880 3.3031e-04 1.2454e-01   44.26736  -63.31802          2  0.000e+00
      21833    909.667     99.511     5.6880   3.257370     5.6803   3.257550      52.14 1.0039e-01     1.9342     1.9183     2.6862 4.8840e-02      7.880 3.3031e-04 1.2454e-01   44.26736  -63.31802          2  0.000e+00
      21834    909.708     99.511     5.6882   3.257314     5.6823   3.257676      52.14 1.0039e-01     1.9330     1.9183     2.6984 6.1050e-02      7.880 3.3395e-04 1.2454e-01   44.26736  -63.31802          2  0.000e+00
      21835    909.750     99.455     5.6883   3.257314     5.6884   3.257750      52.14 1.0039e-01     1.9330     1.9183     2.6984 6.1050e-02      7.880 3.3395e-04 1.2454e-01   44.26736  -63.31802          2  0.000e+00
      21836    909.792     99.511     5.6883   3.257404     5.6911   3.257790      52.16 1.0039e-01     1.9330     1.9183     2.6984 6.1050e-02      7.880 3.3395e-04 1.2454e-01   44.26736  -63.31802          2  0.000e+00
      21837    909.833     99.511     5.6890   3.257454     5.6906   3.257933      52.36 1.0039e-01     1.9330     1.9183     2.6862 4.8840e-02      7.880 3.3395e-04 1.2454e-01   44.26736  -63.31802          2  0.000e+00
      21838    909.875     99.455     5.6887   3.257521     5.6919   3.258071      52.43 1.0039e-01     1.9342     1.9183     2.6740 6.1050e-02      7.880 3.3395e-04 1.2454e-01   44.26736  -63.31802          2  0.000e+00
      21839    909.917     99.511     5.6891   3.257594     5.6924   3.258145      52.45 1.0039e-01     1.9342     1.9183     2.6618 7.3260e-02      7.880 3.3395e-04 1.2454e-01   44.26736  -63.31802          2  0.000e+00
      21840    909.958     99.455     5.6898   3.257677     5.6932   3.258156      52.43 1.0039e-01     1.9330     1.9183     2.6618 6.1050e-02      7.880 3.3395e-04 1.2454e-01   44.26736  -63.31802          2  0.000e+00
      21841    910.000     99.455     5.6902   3.257700     5.6913   3.258271      52.43 1.0039e-01     1.9330     1.9183     2.6618 6.1050e-02      7.880 3.3395e-04 1.2454e-01   44.26736  -63.31802          2  0.000e+00
      21842    910.042     99.511     5.6896   3.257649     5.6926   3.258328      52.43 1.0039e-01     1.9330     1.9183     2.6740 4.8840e-02      7.880 3.3395e-04 1.2454e-01   44.26736  -63.31802          2  0.000e+00
      21843    910.083     99.455     5.6888   3.257616     5.6926   3.258339      52.43 1.0039e-01     1.9330     1.9171     2.6740 4.8840e-02      7.880 3.3031e-04 1.2454e-01   44.26736  -63.31802          2  0.000e+00
      21844    910.125     99.406     5.6891   3.257633     5.6943   3.258316      52.43 1.0039e-01     1.9342     1.9171     2.6740 4.8840e-02      7.880 3.3395e-04 1.2454e-01   44.26736  -63.31802          2  0.000e+00
      21845    910.167     99.455     5.6893   3.257621     5.6974   3.258328      52.43 1.0039e-01     1.9330     1.9171     2.6740 4.8840e-02      7.880 3.3395e-04 1.2454e-01   44.26736  -63.31802          2  0.000e+00
      21846    910.208     99.406     5.6886   3.257627     5.6982   3.258339      52.43 1.0039e-01     1.9330     1.9171     2.6984 3.6630e-02      7.880 3.3395e-04 1.2454e-01   44.26736  -63.31802          2  0.000e+00
      21847    910.250     99.455     5.6882   3.257683     5.6969   3.258293      52.43 1.0039e-01     1.9342     1.9183     2.6740 3.6630e-02      7.880 3.3395e-04 1.2454e-01   44.26736  -63.31802          2  0.000e+00
      21848    910.292     99.406     5.6882   3.257722     5.6948   3.258231      52.43 1.0039e-01     1.9330     1.9171     2.6496 3.6630e-02      7.880 3.3395e-04 1.2454e-01   44.26736  -63.31802          2  0.000e+00
      21849    910.333     99.406     5.6886   3.257733     5.6911   3.258259      52.43 1.0039e-01     1.9342     1.9171     2.6496 4.8840e-02      7.880 3.3031e-04 1.2454e-01   44.26736  -63.31802          2  0.000e+00
      21850    910.375     99.406     5.6891   3.257722     5.6922   3.258322      52.43 1.0039e-01     1.9330     1.9171     2.6618 4.8840e-02      7.880 3.3031e-04 1.2454e-01   44.26736  -63.31802          2  0.000e+00
      21851    910.417     99.455     5.6912   3.257727     5.6969   3.258408      52.43 1.0039e-01     1.9342     1.9171     2.6862 4.8840e-02      7.880 3.3395e-04 1.2454e-01   44.26736  -63.31802          2  0.000e+00
      24082   1003.375     79.902     4.6654   3.139194     4.6582   3.138041      72.04 1.0039e-01     1.9855     1.9660     2.6984 6.1050e-02      7.864 4.1772e-04 1.2454e-01   44.26740  -63.31814          3  0.000e+00
      24083   1003.417     79.749     4.6703   3.139293     4.6599   3.137962      72.04 1.0039e-01     1.9843     1.9660     2.6984 6.1050e-02      7.864 4.1772e-04 1.2454e-01   44.26740  -63.31814          3  0.000e+00
      24084   1003.458     80.062     4.6713   3.139265     4.6537   3.137979      72.04 1.0039e-01     1.9843     1.9660     2.7106 6.1050e-02      7.864 4.1772e-04 1.2454e-01   44.26740  -63.31814          3  0.000e+00
      24085   1003.500     79.846     4.6699   3.139067     4.6513   3.138148      72.04 1.0039e-01     1.9843     1.9660     2.7595 6.1050e-02      7.864 4.1772e-04 1.2454e-01   44.26740  -63.31814          3  0.000e+00
      24086   1003.542     79.909     4.6672   3.138929     4.6522   3.138329      72.01 1.0039e-01     1.9843     1.9660     2.7717 6.1050e-02      7.864 4.1772e-04 1.2454e-01   44.26740  -63.31814          3  0.000e+00
      24087   1003.583     79.951     4.6645   3.138852     4.6556   3.138611      72.04 1.0039e-01     1.9843     1.9672     2.7717 6.1050e-02      7.864 4.1772e-04 1.2454e-01   44.26740  -63.31814          3  0.000e+00
      24088   1003.625     79.860     4.6605   3.138797     4.6559   3.138757      72.04 1.0039e-01     1.9843     1.9660     2.7595 6.1050e-02      7.864 4.1772e-04 1.2454e-01   44.26740  -63.31814          3  0.000e+00
      24089   1003.667     79.951     4.6586   3.138759     4.6545   3.138583      72.04 1.0039e-01     1.9843     1.9672     2.7595 6.1050e-02      7.864 4.1772e-04 1.2454e-01   44.26740  -63.31814          3  0.000e+00
      24090   1003.708     79.909     4.6643   3.138649     4.6519   3.138301      72.04 1.0039e-01     1.9843     1.9672     2.7595 6.1050e-02      7.864 4.1772e-04 1.2454e-01   44.26740  -63.31814          3  0.000e+00
      24091   1003.750     79.951     4.6670   3.138610     4.6524   3.138075      72.04 1.0039e-01     1.9843     1.9672     2.7595 6.1050e-02      7.864 4.1772e-04 1.2454e-01   44.26740  -63.31814          3  0.000e+00
      24092   1003.792     79.902     4.6632   3.138544     4.6612   3.137979      72.01 1.0039e-01     1.9843     1.9660     2.7595 6.1050e-02      7.864 4.1772e-04 1.2454e-01   44.26738  -63.31814          3  0.000e+00
      24093   1003.833     79.957     4.6605   3.138528     4.6628   3.137945      71.99 1.0039e-01     1.9843     1.9660     2.7350 6.1050e-02      7.864 3.8130e-04 1.2454e-01   44.26738  -63.31814          3  0.000e+00
      24094   1003.875     79.902     4.6598   3.138396     4.6601   3.137957      71.99 1.0039e-01     1.9843     1.9660     2.7106 6.1050e-02      7.864 3.3031e-04 1.2454e-01   44.26738  -63.31814          3  0.000e+00
      24095   1003.917     79.909     4.6582   3.138269     4.6567   3.137900      71.99 1.0039e-01     1.9843     1.9660     2.7350 6.1050e-02      7.864 3.1210e-04 1.2454e-01   44.26738  -63.31814          3  0.000e+00
      24096   1003.958     79.951     4.6569   3.138242     4.6524   3.137793      71.99 1.0039e-01     1.9843     1.9672     2.7473 6.1050e-02      7.864 3.1574e-04 1.2454e-01   44.26738  -63.31814          3  0.000e+00
      24097   1004.000     79.909     4.6569   3.138308     4.6490   3.137720      71.99 1.0039e-01     1.9843     1.9672     2.7473 6.1050e-02      7.864 3.1574e-04 1.2454e-01   44.26738  -63.31814          3  0.000e+00
      24098   1004.042     79.951     4.6581   3.138368     4.6477   3.137664      71.99 1.0039e-01     1.9843     1.9672     2.7473 6.1050e-02      7.864 3.1574e-04 1.2454e-01   44.26738  -63.31814          3  0.000e+00
      24099   1004.083     79.909     4.6595   3.138489     4.6465   3.137630      71.99 1.0039e-01     1.9843     1.9672     2.7473 6.1050e-02      7.864 3.1574e-04 1.2454e-01   44.26738  -63.31814          3  0.000e+00
      24100   1004.125     79.951     4.6603   3.138566     4.6454   3.137624      71.99 1.0039e-01     1.9843     1.9672     2.7350 6.1050e-02      7.864 3.1574e-04 1.2454e-01   44.26738  -63.31814          3  0.000e+00
      24101   1004.167     79.951     4.6654   3.138649     4.6456   3.137596      71.99 1.0039e-01     1.9843     1.9672     2.7350 4.8840e-02      7.864 3.1574e-04 1.2454e-01   44.26738  -63.31814          3  0.000e+00
      24102   1004.208     79.909     4.6654   3.138753     4.6457   3.137591      71.99 1.0039e-01     1.9843     1.9672     2.7717 6.1050e-02      7.864 3.1574e-04 1.2454e-01   44.26738  -63.31814          3  0.000e+00
      24103   1004.250     79.951     4.6632   3.138720     4.6466   3.137568      71.99 1.0039e-01     1.9843     1.9672     2.7717 6.1050e-02      7.864 3.1574e-04 1.2454e-01   44.26738  -63.31814          3  0.000e+00
      24104   1004.292     79.957     4.6635   3.138610     4.6473   3.137562      71.99 1.0039e-01     1.9843     1.9672     2.7595 6.1050e-02      7.864 3.1574e-04 1.2454e-01   44.26738  -63.31814          3  0.000e+00
      24105   1004.333     79.951     4.6629   3.138561     4.6478   3.137562      71.99 1.0039e-01     1.9843     1.9672     2.7473 6.1050e-02      7.864 3.1574e-04 1.2454e-01   44.26738  -63.31814          3  0.000e+00
      24106   1004.375     79.909     4.6605   3.138489     4.6479   3.137562      71.99 1.0039e-01     1.9831     1.9672     2.7228 6.1050e-02      7.864 3.1574e-04 1.2454e-01   44.26738  -63.31814          3  0.000e+00
      24107   1004.417     79.950     4.6598   3.138423     4.6465   3.137540      71.99 1.0039e-01     1.9843     1.9672     2.7350 6.1050e-02      7.864 3.1574e-04 1.2454e-01   44.26738  -63.31814          3  0.000e+00
      24108   1004.458     79.950     4.6602   3.138429     4.6448   3.137512      71.99 1.0039e-01     1.9843     1.9672     2.7473 6.1050e-02      7.864 3.1574e-04 1.2454e-01   44.26738  -63.31814          3  0.000e+00
      24109   1004.500     79.909     4.6608   3.138440     4.6451   3.137506      71.99 1.0039e-01     1.9843     1.9672     2.7717 6.1050e-02      7.864 3.1574e-04 1.2454e-01   44.26738  -63.31814          3  0.000e+00
      24110   1004.542     79.950     4.6615   3.138522     4.6458   3.137523      71.99 1.0039e-01     1.9831     1.9672     2.7839 6.1050e-02      7.864 3.1574e-04 1.2454e-01   44.26738  -63.31814          3  0.000e+00
      24111   1004.583     79.957     4.6611   3.138594     4.6470   3.137641      71.99 1.0039e-01     1.9831     1.9672     2.7839 6.1050e-02      7.864 3.1574e-04 1.2454e-01   44.26738  -63.31814          3  0.000e+00
      24112   1004.625     79.902     4.6608   3.138588     4.6476   3.137613      71.99 1.0039e-01     1.9843     1.9672     2.7839 6.1050e-02      7.864 3.1574e-04 1.2454e-01   44.26738  -63.31814          3  0.000e+00
      24113   1004.667     79.957     4.6594   3.138561     4.6477   3.137461      71.99 1.0039e-01     1.9843     1.9684     2.7961 6.1050e-02      7.864 3.1574e-04 1.2454e-01   44.26738  -63.31814          3  0.000e+00
      24114   1004.708     79.902     4.6563   3.138621     4.6474   3.137309      71.99 1.0039e-01     1.9843     1.9684     2.8083 6.1050e-02      7.864 3.1574e-04 1.2454e-01   44.26738  -63.31814          3  0.000e+00
      24115   1004.750     79.957     4.6550   3.138643     4.6472   3.137207      71.99 1.0039e-01     1.9831     1.9684     2.7961 6.1050e-02      7.864 3.1574e-04 1.2454e-01   44.26738  -63.31814          3  0.000e+00
      24116   1004.792     79.902     4.6581   3.138660     4.6456   3.137185      71.99 1.0039e-01     1.9843     1.9672     2.7839 6.1050e-02      7.864 3.1574e-04 1.2454e-01   44.26740  -63.31814          3  0.000e+00
      24117   1004.833     79.950     4.6598   3.138671     4.6430   3.137230      72.09 1.0039e-01     1.9831     1.9672     2.7839 4.8840e-02      7.864 3.1574e-04 1.2454e-01   44.26740  -63.31814          3  0.000e+00
      24118   1004.875     79.909     4.6600   3.138709     4.6419   3.137309      72.16 1.0039e-01     1.9831     1.9684     2.7961 4.8840e-02      7.864 3.1574e-04 1.2454e-01   44.26740  -63.31814          3  0.000e+00
      24119   1004.917     79.950     4.6594   3.138742     4.6438   3.137331      72.16 1.0039e-01     1.9843     1.9672     2.7839 4.8840e-02      7.864 3.1210e-04 1.2454e-01   44.26740  -63.31814          3  0.000e+00
      24120   1004.958     79.909     4.6594   3.138709     4.6452   3.137348      72.16 1.0039e-01     1.9843     1.9672     2.7839 6.1050e-02      7.864 3.0481e-04 1.2454e-01   44.26740  -63.31814          3  0.000e+00
      24121   1005.000     79.950     4.6592   3.138610     4.6458   3.137337      72.14 1.0039e-01     1.9831     1.9684     2.7839 8.5470e-02      7.864 3.0481e-04 1.2454e-01   44.26740  -63.31814          3  0.000e+00
      24122   1005.042     79.860     4.6587   3.138561     4.6448   3.137173      72.14 1.0039e-01     1.9843     1.9672     2.7839 9.7680e-02      7.864 3.0481e-04 1.2454e-01   44.26740  -63.31814          3  0.000e+00
      24123   1005.083     79.950     4.6592   3.138572     4.6444   3.137128      72.14 1.0039e-01     1.9831     1.9684     2.7717 7.3260e-02      7.864 3.0481e-04 1.2454e-01   44.26740  -63.31814          3  0.000e+00
      24124   1005.125     79.902     4.6600   3.138715     4.6447   3.137190      72.14 1.0039e-01     1.9843     1.9672     2.7717 7.3260e-02      7.864 3.0481e-04 1.2454e-01   44.26740  -63.31814          3  0.000e+00
      24125   1005.167     79.909     4.6600   3.138990     4.6534   3.137280      72.16 1.0039e-01     1.9831     1.9684     2.7595 7.3260e-02      7.864 3.0481e-04 1.2454e-01   44.26740  -63.31814          3  0.000e+00
      24126   1005.208     79.902     4.6603   3.139155     4.6540   3.137320      72.14 1.0039e-01     1.9843     1.9684     2.7595 6.1050e-02      7.864 3.0481e-04 1.2454e-01   44.26740  -63.31814          3  0.000e+00
      24127   1005.250     79.909     4.6641   3.138924     4.6498   3.137331      72.14 1.0039e-01     1.9843     1.9684     2.7350 6.1050e-02      7.864 3.0481e-04 1.2454e-01   44.26740  -63.31814          3  0.000e+00
