core/tests/sample_data/185A007.ROS
* Sea-Bird SBE 9 Data File:
* FileName = C:\CTD_ACQUISITION\2021185HUD\ctddata\185A007.hdr
* Software Version Seasave V 7.26.7.121
* Temperature SN = 5083
* Conductivity SN = 3562
* Number of Bytes Per Scan = 40
* Number of Voltage Words = 5
* Number of Scans Averaged by the Deck Unit = 1
* NMEA Latitude = 44 16.00 N
* NMEA Longitude = 063 18.99 W
* NMEA UTC (Time) = Sep 17 2021 03:38:31
* NMEA baud rate = 9600
** Ship: HUDSON
** Cruise: HUD2021185
** Chief_Scientist: CHANTELLE LAYTON
** Organization: BIO
** Area_of_Operation: SCOTIAN SHELF
** Cruise_Description: ATLANTIC ZONE MONITORING PROGRAM (AZMP)
** Station_Name: 007
** Event_Number:  007
** Sounding:  148
** Event_Comments: HL_02,488275
# nquan = 20
# nvalues = 490                                   
# units = specified
# name 0 = scan: Scan Count
# name 1 = timeS: Time, Elapsed [seconds]
# name 2 = prDM: Pressure, Digiquartz [db]
# name 3 = t068C: Temperature [IPTS-68, deg C]
# name 4 = c0S/m: Conductivity [S/m]
# name 5 = t168C: Temperature, 2 [IPTS-68, deg C]
# name 6 = c1S/m: Conductivity, 2 [S/m]
# name 7 = altM: Altimeter [m]
# name 8 = par/log: PAR/Logarithmic, Satlantic [umol photons/m2/s]
# name 9 = sbeox0V: Oxygen raw, SBE 43 [V]
# name 10 = sbeox1V: Oxygen raw, SBE 43, 2 [V]
# name 11 = flSPuv0: Fluorescence, Seapoint Ultraviolet
# name 12 = flSP: Fluorescence, Seapoint
# name 13 = ph: pH
# name 14 = turbWETbb0: Turbidity, WET Labs ECO BB [m^-1/sr]
# name 15 = spar: SPAR/Surface Irradiance
# name 16 = latitude: Latitude [deg]
# name 17 = longitude: Longitude [deg]
# name 18 = nbf: Bottles Fired
# name 19 = flag:  0.000e+00
# interval = seconds: 0.0416667
# start_time = Sep 17 2021 03:38:31 [NMEA time, header]
# bad_flag = -9.990e-29
*END*
      17666    736.042    144.745     9.6420   3.730401     9.6355   3.730241       6.11 1.0039e-01     1.6518     1.6371     2.4786 3.6630e-02      7.910 9.3492e-04 1.2454e-01   44.26730  -63.31760          1  0.000e+00
      17667    736.083    144.898     9.6431   3.730271     9.6350   3.730301       6.11 1.0039e-01     1.6518     1.6371     2.4786 3.6630e-02      7.910 9.3492e-04 1.2454e-01   44.26730  -63.31760          1  0.000e+00
      17668    736.125    144.537     9.6426   3.730124     9.6359   3.730211       6.11 1.0039e-01     1.6518     1.6371     2.4786 3.6630e-02      7.910 9.3492e-04 1.2454e-01   44.26730  -63.31760          1  0.000e+00
      17669    736.167    144.849     9.6407   3.729989     9.6350   3.730042       6.11 1.0039e-01     1.6518     1.6371     2.4786 3.6630e-02      7.910 9.3492e-04 1.2454e-01   44.26730  -63.31760          1  0.000e+00
      17670    736.208    144.745     9.6384   3.729818     9.6345   3.729885       6.11 1.0039e-01     1.6518     1.6371     2.4908 3.6630e-02      7.910 9.3492e-04 1.2454e-01   44.26730  -63.31760          1  0.000e+00
      17671    736.250    144.745     9.6351   3.729647     9.6354   3.729777       6.11 1.0039e-01     1.6518     1.6371     2.4908 3.6630e-02      7.910 9.3492e-04 1.2454e-01   44.26730  -63.31760          1  0.000e+00
      17672    736.292    144.745     9.6328   3.729406     9.6362   3.729753       6.11 1.0039e-01     1.6518     1.6371     2.5031 3.6630e-02      7.910 9.3492e-04 1.2454e-01   44.26730  -63.31760          1  0.000e+00
      17673    736.333    144.745     9.6257   3.729071     9.6339   3.729789       6.11 1.0039e-01     1.6518     1.6371     2.4908 3.6630e-02      7.910 9.3492e-04 1.2454e-01   44.26730  -63.31760          1  0.000e+00
      17674    736.375    144.745     9.6214   3.728906     9.6311   3.729813       6.11 1.0039e-01     1.6518     1.6371     2.5031 3.6630e-02      7.910 9.3492e-04 1.2454e-01   44.26730  -63.31760          1  0.000e+00
      17675    736.417    144.697     9.6225   3.728729     9.6288   3.729837       6.11 1.0039e-01     1.6518     1.6371     2.5275 3.6630e-02      7.910 9.3492e-04 1.2454e-01   44.26730  -63.31760          1  0.000e+00
      17676    736.458    144.697     9.6241   3.728511     9.6281   3.729741       6.11 1.0039e-01     1.6518     1.6371     2.5397 3.6630e-02      7.910 9.3492e-04 1.2454e-01   44.26730  -63.31760          1  0.000e+00
      17677    736.500    144.745     9.6245   3.728335     9.6271   3.729614       6.11 1.0039e-01     1.6518     1.6371     2.5275 3.6630e-02      7.910 9.3492e-04 1.2454e-01   44.26730  -63.31760          1  0.000e+00
      17678    736.542    144.690     9.6248   3.728241     9.6274   3.729530       6.11 1.0039e-01     1.6518     1.6371     2.5153 3.6630e-02      7.910 9.3492e-04 1.2454e-01   44.26730  -63.31760          1  0.000e+00
      17679    736.583    144.745     9.6246   3.728200     9.6293   3.729446       6.11 1.0039e-01     1.6518     1.6371     2.5397 3.6630e-02      7.910 9.3492e-04 1.2454e-01   44.26730  -63.31760          1  0.000e+00
      17680    736.625    144.697     9.6250   3.728241     9.6299   3.729277       6.11 1.0039e-01     1.6518     1.6371     2.5397 3.6630e-02      7.910 9.3492e-04 1.2454e-01   44.26730  -63.31760          1  0.000e+00
      17681    736.667    144.697     9.6263   3.728282     9.6293   3.729144       6.11 1.0039e-01     1.6506     1.6371     2.5153 3.6630e-02      7.910 9.3492e-04 1.2454e-01   44.26730  -63.31760          1  0.000e+00
      17682    736.708    144.697     9.6263   3.728264     9.6299   3.728970       6.11 1.0039e-01     1.6506     1.6371     2.5031 3.6630e-02      7.910 9.3492e-04 1.2454e-01   44.26730  -63.31760          1  0.000e+00
      17683    736.750    144.641     9.6248   3.728235     9.6261   3.728933       6.11 1.0039e-01     1.6506     1.6371     2.5031 3.6630e-02      7.910 9.3492e-04 1.2454e-01   44.26730  -63.31760          1  0.000e+00
      17684    736.792    144.697     9.6242   3.728223     9.6249   3.729000       6.13 1.0039e-01     1.6506     1.6371     2.5031 3.6630e-02      7.910 9.3492e-04 1.2454e-01   44.26730  -63.31760          1  0.000e+00
      17685    736.833    144.641     9.6236   3.728200     9.6253   3.729144       6.28 1.0039e-01     1.6506     1.6371     2.5031 3.6630e-02      7.910 9.3492e-04 1.2454e-01   44.26730  -63.31760          1  0.000e+00
      17686    736.875    144.697     9.6233   3.728217     9.6251   3.729259       6.35 1.0039e-01     1.6506     1.6371     2.5153 3.6630e-02      7.910 9.3492e-04 1.2454e-01   44.26730  -63.31760          1  0.000e+00
      17687    736.917    144.697     9.6231   3.728123     9.6264   3.729325       6.35 1.0039e-01     1.6506     1.6371     2.5153 3.6630e-02      7.910 9.3492e-04 1.2454e-01   44.26730  -63.31760          1  0.000e+00
      17688    736.958    144.641     9.6224   3.728041     9.6272   3.729373       6.35 1.0039e-01     1.6506     1.6371     2.5031 3.6630e-02      7.910 9.3492e-04 1.2454e-01   44.26730  -63.31760          1  0.000e+00
      17689    737.000    144.641     9.6213   3.727905     9.6293   3.729385       6.35 1.0039e-01     1.6506     1.6371     2.5031 3.6630e-02      7.910 9.3492e-04 1.2454e-01   44.26730  -63.31760          1  0.000e+00
      17690    737.042    144.641     9.6213   3.727664     9.6305   3.729385       6.35 1.0039e-01     1.6506     1.6371     2.5031 3.6630e-02      7.910 9.3492e-04 1.2454e-01   44.26730  -63.31760          1  0.000e+00
      17691    737.083    144.641     9.6212   3.727605     9.6298   3.729319       6.35 1.0039e-01     1.6506     1.6371     2.4908 3.6630e-02      7.910 9.4221e-04 1.2454e-01   44.26730  -63.31760          1  0.000e+00
      17692    737.125    144.641     9.6217   3.727552     9.6288   3.729313       6.35 1.0039e-01     1.6506     1.6371     2.4908 3.6630e-02      7.910 9.4949e-04 1.2454e-01   44.26730  -63.31760          1  0.000e+00
      17693    737.167    144.641     9.6209   3.727464     9.6296   3.729319       6.35 1.0039e-01     1.6506     1.6371     2.4786 3.6630e-02      7.910 9.4949e-04 1.2454e-01   44.26730  -63.31760          1  0.000e+00
      17694    737.208    144.592     9.6189   3.727340     9.6294   3.729283       6.35 1.0039e-01     1.6506     1.6371     2.4786 3.6630e-02      7.910 9.4949e-04 1.2454e-01   44.26730  -63.31760          1  0.000e+00
      17695    737.250    144.641     9.6179   3.727281     9.6297   3.729283       6.35 1.0039e-01     1.6506     1.6371     2.5031 3.6630e-02      7.910 9.4949e-04 1.2454e-01   44.26730  -63.31760          1  0.000e+00
      17696    737.292    144.641     9.6169   3.727276     9.6299   3.729235       6.35 1.0039e-01     1.6506     1.6371     2.5153 3.6630e-02      7.910 9.4949e-04 1.2454e-01   44.26730  -63.31760          1  0.000e+00
      17697    737.333    144.592     9.6171   3.727223     9.6301   3.729295       6.35 1.0039e-01     1.6506     1.6359     2.5153 3.6630e-02      7.910 9.4949e-04 1.2454e-01   44.26730  -63.31760          1  0.000e+00
      17698    737.375    144.641     9.6176   3.727181     9.6298   3.729253       6.35 1.0039e-01     1.6506     1.6359     2.5153 3.6630e-02      7.910 9.4949e-04 1.2454e-01   44.26730  -63.31760          1  0.000e+00
      17699    737.417    144.592     9.6184   3.727175     9.6283   3.729126       6.35 1.0039e-01     1.6493     1.6371     2.5397 3.6630e-02      7.910 9.4949e-04 1.2454e-01   44.26730  -63.31760          1  0.000e+00
      17700    737.458    144.592     9.6182   3.727175     9.6272   3.729186       6.35 1.0039e-01     1.6506     1.6371     2.5519 3.6630e-02      7.910 9.4949e-04 1.2454e-01   44.26730  -63.31760          1  0.000e+00
      17701    737.500    144.592     9.6168   3.727122     9.6282   3.729108       6.35 1.0039e-01     1.6506     1.6371     2.5397 3.6630e-02      7.910 9.4949e-04 1.2454e-01   44.26730  -63.31760          1  0.000e+00
      17702    737.542    144.641     9.6158   3.727134     9.6294   3.729084       6.35 1.0039e-01     1.6493     1.6371     2.5031 3.6630e-02      7.910 9.4949e-04 1.2454e-01   44.26730  -63.31760          1  0.000e+00
      17703    737.583    144.537     9.6153   3.727117     9.6298   3.729090       6.35 1.0039e-01     1.6493     1.6371     2.4908 3.6630e-02      7.910 9.4949e-04 1.2454e-01   44.26730  -63.31760          1  0.000e+00
      17704    737.625    144.641     9.6165   3.727087     9.6291   3.729096       6.35 1.0039e-01     1.6506     1.6371     2.5031 3.6630e-02      7.910 9.4949e-04 1.2454e-01   44.26730  -63.31760          1  0.000e+00
      17705    737.667    144.592     9.6161   3.727028     9.6283   3.729012       6.35 1.0039e-01     1.6506     1.6371     2.5031 3.6630e-02      7.910 9.4949e-04 1.2454e-01   44.26730  -63.31760          1  0.000e+00
      17706    737.708    144.537     9.6165   3.726911     9.6279   3.728933       6.35 1.0039e-01     1.6493     1.6371     2.4786 3.6630e-02      7.910 9.4949e-04 1.2454e-01   44.26730  -63.31760          1  0.000e+00
      17707    737.750    144.592     9.6140   3.726811     9.6277   3.728921       6.35 1.0039e-01     1.6493     1.6371     2.4786 3.6630e-02      7.910 9.4949e-04 1.2454e-01   44.26730  -63.31760          1  0.000e+00
      17708    737.792    144.592     9.6128   3.726787     9.6277   3.728831       6.35 1.0039e-01     1.6481     1.6371     2.4908 3.6630e-02      7.910 9.4949e-04 1.2454e-01   44.26728  -63.31760          1  0.000e+00
      17709    737.833    144.537     9.6125   3.726734     9.6274   3.728843       6.40 1.0039e-01     1.6481     1.6371     2.5031 3.6630e-02      7.910 9.4949e-04 1.2454e-01   44.26728  -63.31760          1  0.000e+00
      17710    737.875    144.592     9.6117   3.726740     9.6274   3.728801       6.42 1.0039e-01     1.6481     1.6371     2.5153 3.6630e-02      7.910 9.4949e-04 1.2454e-01   44.26728  -63.31760          1  0.000e+00
      17711    737.917    144.592     9.6115   3.726722     9.6268   3.728801       6.42 1.0039e-01     1.6481     1.6371     2.5153 3.6630e-02      7.910 9.4949e-04 1.2454e-01   44.26728  -63.31760          1  0.000e+00
      17712    737.958    144.592     9.6110   3.726664     9.6254   3.728789       6.42 1.0039e-01     1.6493     1.6371     2.4908 3.6630e-02      7.910 9.4949e-04 1.2454e-01   44.26728  -63.31760          1  0.000e+00
      17713    738.000    144.537     9.6109   3.726599     9.6243   3.728765       6.40 1.0039e-01     1.6481     1.6371     2.4786 3.6630e-02      7.910 9.4949e-04 1.2454e-01   44.26728  -63.31760          1  0.000e+00
      17714    738.042    144.592     9.6105   3.726563     9.6241   3.728729       6.40 1.0039e-01     1.6481     1.6371     2.4908 3.6630e-02      7.910 9.4949e-04 1.2454e-01   44.26728  -63.31760          1  0.000e+00
      21803    908.417     99.712     5.6865   3.257231     5.6901   3.257773      52.19 1.0039e-01     1.9317     1.9183     2.6862 4.8840e-02      7.880 3.9587e-04 1.2454e-01   44.26736  -63.31802          2  0.000e+00
      21804    908.458     99.615     5.6864   3.257247     5.6900   3.257516      52.19 1.0039e-01     1.9330     1.9183     2.6740 4.8840e-02      7.880 4.3958e-04 1.2454e-01   44.26736  -63.31802          2  0.000e+00
      21805    908.500     99.712     5.6875   3.257236     5.6872   3.257373      52.19 1.0039e-01     1.9330     1.9183     2.6618 4.8840e-02      7.880 4.4686e-04 1.2454e-01   44.26736  -63.31802          2  0.000e+00
      21806    908.542     99.663     5.6875   3.257242     5.6852   3.257373      52.21 1.0039e-01     1.9330     1.9183     2.6740 4.8840e-02      7.880 4.4322e-04 1.2454e-01   44.26736  -63.31802          2  0.000e+00
      21807    908.583     99.663     5.6872   3.257281     5.6848   3.257385      52.19 1.0039e-01     1.9330     1.9183     2.6984 4.8840e-02      7.880 4.4322e-04 1.2454e-01   44.26736  -63.31802          2  0.000e+00
      21808    908.625     99.663     5.6873   3.257242     5.6856   3.257379      52.19 1.0039e-01     1.9330     1.9183     2.7106 4.8840e-02      7.880 4.4322e-04 1.2454e-01   44.26736  -63.31802          2  0.000e+00
      21809    908.667     99.691     5.6872   3.257298     5.6866   3.257447      52.19 1.0039e-01     1.9330     1.9183     2.6984 4.8840e-02      7.880 4.4322e-04 1.2454e-01   44.26736  -63.31802          2  0.000e+00
      21810    908.708     99.615     5.6875   3.257331     5.6873   3.257533      52.19 1.0039e-01     1.9330     1.9183     2.6740 4.8840e-02      7.880 4.4322e-04 1.2454e-01   44.26736  -63.31802          2  0.000e+00
      21811    908.750     99.663     5.6875   3.257342     5.6872   3.257539      52.19 1.0039e-01     1.9330     1.9183     2.6618 4.8840e-02      7.880 4.4322e-04 1.2454e-01   44.26736  -63.31802          2  0.000e+00
      21812    908.792     99.615     5.6877   3.257303     5.6863   3.257470      52.19 1.0039e-01     1.9330     1.9183     2.6740 4.8840e-02      7.880 4.4322e-04 1.2454e-01   44.26736  -63.31802          2  0.000e+00
      21813    908.833     99.663     5.6875   3.257354     5.6846   3.257442      52.16 1.0039e-01     1.9330     1.9171     2.6862 4.8840e-02      7.880 4.4322e-04 1.2454e-01   44.26736  -63.31802          2  0.000e+00
      21814    908.875     99.615     5.6877   3.257365     5.6837   3.257425      52.14 1.0039e-01     1.9330     1.9183     2.6618 4.8840e-02      7.880 4.4322e-04 1.2454e-01   44.26736  -63.31802          2  0.000e+00
      21815    908.917     99.615     5.6878   3.257348     5.6827   3.257350      52.14 1.0039e-01     1.9330     1.9183     2.6496 4.8840e-02      7.880 4.4322e-04 1.2454e-01   44.26736  -63.31802          2  0.000e+00
      21816    908.958     99.615     5.6880   3.257348     5.6842   3.257207      52.14 1.0039e-01     1.9330     1.9183     2.6618 6.1050e-02      7.880 4.4322e-04 1.2454e-01   44.26736  -63.31802          2  0.000e+00
      21817    909.000     99.615     5.6885   3.257393     5.6830   3.257041      52.14 1.0039e-01     1.9330     1.9183     2.6740 7.3260e-02      7.880 4.4322e-04 1.2454e-01   44.26736  -63.31802          2  0.000e+00
      21818    909.042     99.615     5.6888   3.257420     5.6797   3.256819      52.14 1.0039e-01     1.9330     1.9183     2.6862 9.7680e-02      7.880 4.4322e-04 1.2454e-01   44.26736  -63.31802          2  0.000e+00
      21819    909.083     99.559     5.6885   3.257387     5.6779   3.256681      52.14 1.0039e-01     1.9330     1.9183     2.6740 9.7680e-02      7.880 4.4322e-04 1.2454e-01   44.26736  -63.31802          2  0.000e+00
      21820    909.125     99.615     5.6880   3.257354     5.6765   3.256601      52.14 1.0039e-01     1.9330     1.9183     2.6740 7.3260e-02      7.880 4.4322e-04 1.2454e-01   44.26736  -63.31802          2  0.000e+00
      21821    909.167     99.559     5.6883   3.257348     5.6761   3.256573      52.14 1.0039e-01     1.9330     1.9171     2.6862 7.3260e-02      7.880 4.4322e-04 1.2454e-01   44.26736  -63.31802          2  0.000e+00
      21822    909.208     99.615     5.6882   3.257359     5.6763   3.256578      52.14 1.0039e-01     1.9330     1.9183     2.6740 6.1050e-02      7.880 4.4322e-04 1.2454e-01   44.26736  -63.31802          2  0.000e+00
      21823    909.250     99.559     5.6881   3.257398     5.6749   3.256624      52.14 1.0039e-01     1.9330     1.9183     2.6740 4.8840e-02      7.880 4.4322e-04 1.2454e-01   44.26736  -63.31802          2  0.000e+00
      21824    909.292     99.559     5.6882   3.257381     5.6750   3.256721      52.14 1.0039e-01     1.9342     1.9183     2.6740 4.8840e-02      7.880 4.4322e-04 1.2454e-01   44.26736  -63.31802          2  0.000e+00
      21825    909.333     99.559     5.6871   3.257398     5.6755   3.256801      52.14 1.0039e-01     1.9342     1.9183     2.6862 4.8840e-02      7.880 4.4322e-04 1.2454e-01   44.26736  -63.31802          2  0.000e+00
