core/tests/sample_data/185A007.ROS
* Sea-Bird SBE 9 Data File:
* FileName = C:\CTD_ACQUISITION\2021185HUD\ctddata\185A007.hdr
* Software Version Seasave V 7.26.7.121
* Temperature SN = 5083
* Conductivity SN = 3562
* Number of Bytes Per Scan = 40
* Number of Voltage Words = 5
* Number of Scans Averaged by the Deck Unit = 1
* NMEA Latitude = 44 16.00 N
* NMEA Longitude = 063 18.99 W
* NMEA UTC (Time) = Sep 17 2021 03:38:31
* NMEA baud rate = 9600
** Ship: HUDSON
** Cruise: HUD2021185
** Chief_Scientist: CHANTELLE LAYTON
** Organization: BIO
** Area_of_Operation: SCOTIAN SHELF
** Cruise_Description: ATLANTIC ZONE MONITORING PROGRAM (AZMP)
** Station_Name: 007
** Event_Number:  007
** Sounding:  148
** Event_Comments: HL_02,488275
# nquan = 20
# nvalues = 490                                   
# units = specified
# name 0 = scan: Scan Count
# name 1 = timeS: Time, Elapsed [seconds]
# name 2 = prDM: Pressure, Digiquartz [db]
# name 3 = t068C: Temperature [IPTS-68, deg C]
# name 4 = c0S/m: Conductivity [S/m]
# name 5 = t168C: Temperature, 2 [IPTS-68, deg C]
# name 6 = c1S/m: Conductivity, 2 [S/m]
# name 7 = altM: Altimeter [m]
# name 8 = par/log: PAR/Logarithmic, Satlantic [umol photons/m2/s]
# name 9 = sbeox0V: Oxygen raw, SBE 43 [V]
# name 10 = sbeox1V: Oxygen raw, SBE 43, 2 [V]
# name 11 = flSPuv0: Fluorescence, Seapoint Ultraviolet
# name 12 = flSP: Fluorescence, Seapoint
# name 13 = ph: pH
# name 14 = turbWETbb0: Turbidity, WET Labs ECO BB [m^-1/sr]
# name 15 = spar: SPAR/Surface Irradiance
# name 16 = latitude: Latitude [deg]
# name 17 = longitude: Longitude [deg]
# name 18 = nbf: Bottles Fired
# name 19 = flag:  0.000e+00
# interval = seconds: 0.0416667
# start_time = Sep 17 2021 03:38:31 [NMEA time, header]
# bad_flag = -9.990e-29
*END*
[from data line 362]
      32447   1351.917     19.793    16.0017   3.953517    16.0002   3.955055      50.99 1.0039e-01     2.6292     2.6085     2.3810 1.2332e+00      8.115 2.9024e-04 1.2454e-01   44.26764  -63.31880          8  0.000e+00
      32448   1351.958     19.862    15.9899   3.952920    16.0041   3.954605      50.96 1.0039e-01     2.6292     2.6085     2.3565 1.2210e+00      8.115 2.9389e-04 1.2454e-01   44.26764  -63.31880          8  0.000e+00
      32449   1352.000     19.814    15.9736   3.952222    16.0032   3.954124      50.96 1.0039e-01     2.6292     2.6085     2.3687 1.2210e+00      8.115 2.9389e-04 1.2454e-01   44.26764  -63.31880          8  0.000e+00
      32450   1352.042     19.814    15.9549   3.951366    15.9940   3.953951      50.96 1.0039e-01     2.6280     2.6072     2.3932 1.2210e+00      8.115 2.9389e-04 1.2454e-01   44.26764  -63.31880          8  0.000e+00
      32451   1352.083     19.758    15.9522   3.951107    15.9879   3.954432      50.96 1.0039e-01     2.6280     2.6072     2.3932 1.2210e+00      8.115 2.9389e-04 1.2454e-01   44.26764  -63.31880          8  0.000e+00
      32452   1352.125     19.814    15.9510   3.951119    15.9870   3.955253      50.94 1.0039e-01     2.6280     2.6072     2.3932 1.2088e+00      8.115 2.9389e-04 1.2454e-01   44.26764  -63.31880          8  0.000e+00
      32453   1352.167     19.814    15.9530   3.950559    15.9935   3.955746      50.94 1.0039e-01     2.6280     2.6072     2.4054 1.2088e+00      8.115 2.9389e-04 1.2454e-01   44.26764  -63.31880          8  0.000e+00
      32454   1352.208     19.744    15.9462   3.949758    16.0005   3.955900      50.96 1.0039e-01     2.6268     2.6085     2.4176 1.1966e+00      8.115 2.9389e-04 1.2454e-01   44.26764  -63.31880          8  0.000e+00
      32455   1352.250     19.758    15.9656   3.949709    16.0088   3.956048      50.96 1.0039e-01     2.6280     2.6085     2.4054 1.2088e+00      8.115 2.9389e-04 1.2454e-01   44.26764  -63.31880          8  0.000e+00
      32456   1352.292     19.814    15.9775   3.949420    16.0140   3.956011      50.96 1.0039e-01     2.6280     2.6085     2.3932 1.2210e+00      8.115 2.9389e-04 1.2454e-01   44.26764  -63.31880          8  0.000e+00
      32457   1352.333     19.710    15.9540   3.948306    16.0178   3.955801      50.96 1.0039e-01     2.6280     2.6085     2.3687 1.2332e+00      8.115 2.9389e-04 1.2454e-01   44.26764  -63.31880          8  0.000e+00
      32458   1352.375     19.758    15.9442   3.948077    16.0164   3.955740      50.96 1.0039e-01     2.6280     2.6085     2.3810 1.2332e+00      8.115 2.9389e-04 1.2454e-01   44.26764  -63.31880          8  0.000e+00
      32459   1352.417     19.758    15.9423   3.948216    16.0125   3.955845      50.96 1.0039e-01     2.6292     2.6085     2.3810 1.2332e+00      8.115 2.9389e-04 1.2454e-01   44.26764  -63.31880          8  0.000e+00
      32460   1352.458     19.710    15.9260   3.947578    16.0190   3.956375      50.96 1.0039e-01     2.6292     2.6085     2.3932 1.2332e+00      8.116 2.9389e-04 1.2454e-01   44.26764  -63.31880          8  0.000e+00
      32461   1352.500     19.744    15.9132   3.947740    16.0276   3.957251      50.96 1.0039e-01     2.6292     2.6085     2.4176 1.2576e+00      8.116 2.9389e-04 1.2454e-01   44.26764  -63.31880          8  0.000e+00
      32462   1352.542     19.710    15.8980   3.948361    16.0339   3.957738      50.96 1.0039e-01     2.6292     2.6085     2.4054 1.2821e+00      8.116 2.9389e-04 1.2454e-01   44.26764  -63.31880          8  0.000e+00
      32463   1352.583     19.710    15.9072   3.947903    16.0506   3.958003      50.96 1.0039e-01     2.6304     2.6097     2.3932 1.3065e+00      8.116 2.9389e-04 1.2454e-01   44.26764  -63.31880          8  0.000e+00
      32464   1352.625     19.758    15.9159   3.946946    16.0558   3.958139      50.96 1.0039e-01     2.6317     2.6085     2.3932 1.3187e+00      8.116 2.9389e-04 1.2454e-01   44.26764  -63.31880          8  0.000e+00
      32465   1352.667     19.661    15.9067   3.946139    16.0541   3.957929      50.96 1.0039e-01     2.6317     2.6097     2.3932 1.3675e+00      8.116 2.9389e-04 1.2454e-01   44.26764  -63.31880          8  0.000e+00
      32466   1352.708     19.710    15.8904   3.945711    16.0510   3.957590      50.96 1.0039e-01     2.6329     2.6097     2.4176 1.4042e+00      8.116 2.9389e-04 1.2454e-01   44.26764  -63.31880          8  0.000e+00
      32467   1352.750     19.696    15.8746   3.945435    16.0484   3.957306      50.96 1.0039e-01     2.6341     2.6097     2.4298 1.4042e+00      8.116 2.9389e-04 1.2454e-01   44.26764  -63.31880          8  0.000e+00
      32468   1352.792     19.710    15.8738   3.945682    16.0444   3.956942      50.96 1.0039e-01     2.6341     2.6109     2.4298 1.3919e+00      8.116 2.9389e-04 1.2454e-01   44.26764  -63.31880          8  0.000e+00
      32469   1352.833     19.661    15.8894   3.946374    16.0344   3.956486      50.38 1.0039e-01     2.6341     2.6109     2.4176 1.3797e+00      8.116 2.9389e-04 1.2454e-01   44.26764  -63.31880          8  0.000e+00
      32470   1352.875     19.661    15.9117   3.946976    16.0260   3.955999      49.82 1.0039e-01     2.6353     2.6109     2.3810 1.3553e+00      8.116 2.9389e-04 1.2454e-01   44.26764  -63.31880          8  0.000e+00
      32471   1352.917     19.661    15.9115   3.946988    16.0070   3.955727      49.72 1.0039e-01     2.6353     2.6109     2.3687 1.3309e+00      8.116 2.9389e-04 1.2454e-01   44.26764  -63.31880          8  0.000e+00
      32472   1352.958     19.661    15.8955   3.946609    16.0035   3.955567      49.72 1.0039e-01     2.6366     2.6109     2.3687 1.3187e+00      8.116 2.9389e-04 1.2454e-01   44.26764  -63.31880          8  0.000e+00
      32473   1353.000     19.710    15.8766   3.946187    16.0070   3.955376      49.74 1.0039e-01     2.6366     2.6109     2.3687 1.3309e+00      8.116 2.9389e-04 1.2454e-01   44.26764  -63.31880          8  0.000e+00
      32474   1353.042     19.640    15.8631   3.946446    16.0065   3.955400      49.77 1.0039e-01     2.6390     2.6109     2.3932 1.3431e+00      8.116 2.9753e-04 1.2454e-01   44.26764  -63.31880          8  0.000e+00
      32475   1353.083     19.661    15.8606   3.946874    16.0114   3.955407      49.74 1.0039e-01     2.6390     2.6121     2.4054 1.3309e+00      8.116 2.9753e-04 1.2454e-01   44.26764  -63.31880          8  0.000e+00
      32476   1353.125     19.502    15.8650   3.947000    16.0178   3.955265      49.77 1.0039e-01     2.6390     2.6121     2.3932 1.3065e+00      8.116 2.9753e-04 1.2454e-01   44.26764  -63.31880          8  0.000e+00
      34105   1421.000      9.972    18.4216   4.143974    18.4665   4.148082      33.50 1.0039e-01     2.5804     2.5572     2.1123 8.6691e-01      8.174 2.5018e-04 1.2454e-01   44.26764  -63.31886          9  0.000e+00
      34106   1421.042     10.325    18.4199   4.143999    18.4633   4.148252      33.50 1.0039e-01     2.5804     2.5572     2.1245 8.5470e-01      8.174 2.5018e-04 1.2454e-01   44.26764  -63.31886          9  0.000e+00
      34107   1421.083      9.972    18.4182   4.143974    18.4690   4.148359      33.50 1.0039e-01     2.5804     2.5572     2.1245 8.5470e-01      8.174 2.5018e-04 1.2454e-01   44.26764  -63.31886          9  0.000e+00
      34108   1421.125     10.082    18.4178   4.143975    18.4724   4.148447      33.50 1.0039e-01     2.5804     2.5572     2.1123 8.5470e-01      8.174 2.5018e-04 1.2454e-01   44.26764  -63.31886          9  0.000e+00
      34109   1421.167     10.020    18.4192   4.143944    18.4730   4.148497      33.50 1.0039e-01     2.5804     2.5572     2.0879 8.6691e-01      8.174 2.5018e-04 1.2454e-01   44.26764  -63.31886          9  0.000e+00
      34110   1421.208     10.069    18.4202   4.143901    18.4709   4.148478      33.50 1.0039e-01     2.5804     2.5572     2.0879 8.7912e-01      8.174 2.5018e-04 1.2454e-01   44.26764  -63.31886          9  0.000e+00
      34111   1421.250     10.069    18.4193   4.143876    18.4710   4.148472      33.50 1.0039e-01     2.5804     2.5572     2.1001 8.7912e-01      8.174 2.5018e-04 1.2454e-01   44.26764  -63.31886          9  0.000e+00
      34112   1421.292     10.020    18.4182   4.143913    18.4706   4.148510      33.50 1.0039e-01     2.5804     2.5559     2.1123 8.9133e-01      8.174 2.4289e-04 1.2454e-01   44.26764  -63.31886          9  0.000e+00
      34113   1421.333     10.069    18.4173   4.143938    18.4686   4.148567      33.50 1.0039e-01     2.5804     2.5559     2.1123 9.0354e-01      8.174 2.4289e-04 1.2454e-01   44.26764  -63.31886          9  0.000e+00
      34114   1421.375     10.020    18.4160   4.143962    18.4669   4.148579      33.50 1.0039e-01     2.5804     2.5559     2.1001 9.1575e-01      8.174 2.4289e-04 1.2454e-01   44.26764  -63.31886          9  0.000e+00
      34115   1421.417     10.020    18.4158   4.144042    18.4681   4.148636      33.50 1.0039e-01     2.5804     2.5559     2.1001 9.1575e-01      8.174 2.4289e-04 1.2454e-01   44.26764  -63.31886          9  0.000e+00
      34116   1421.458     10.068    18.4183   4.144165    18.4708   4.148623      33.48 1.0039e-01     2.5804     2.5559     2.1123 9.2796e-01      8.174 2.4289e-04 1.2454e-01   44.26764  -63.31886          9  0.000e+00
      34117   1421.500      9.971    18.4197   4.144208    18.4734   4.148654      33.50 1.0039e-01     2.5804     2.5559     2.1368 9.4017e-01      8.174 2.4289e-04 1.2454e-01   44.26764  -63.31886          9  0.000e+00
      34118   1421.542     10.068    18.4208   4.144239    18.4754   4.148736      33.50 1.0039e-01     2.5804     2.5559     2.1490 9.5238e-01      8.174 2.4289e-04 1.2454e-01   44.26764  -63.31886          9  0.000e+00
      34119   1421.583     10.020    18.4227   4.144257    18.4762   4.148837      33.50 1.0039e-01     2.5804     2.5559     2.1245 9.6459e-01      8.174 2.4289e-04 1.2454e-01   44.26764  -63.31886          9  0.000e+00
      34120   1421.625     10.020    18.4239   4.144251    18.4744   4.148837      33.50 1.0039e-01     2.5804     2.5559     2.1123 9.7680e-01      8.174 2.4289e-04 1.2454e-01   44.26764  -63.31886          9  0.000e+00
      34121   1421.667     10.027    18.4241   4.144288    18.4731   4.148856      33.50 1.0039e-01     2.5804     2.5559     2.1245 9.7680e-01      8.174 2.4289e-04 1.2454e-01   44.26764  -63.31886          9  0.000e+00
      34122   1421.708     10.020    18.4249   4.144343    18.4727   4.148893      33.50 1.0039e-01     2.5804     2.5559     2.1490 9.7680e-01      8.174 2.4289e-04 1.2454e-01   44.26764  -63.31886          9  0.000e+00
      34123   1421.750     10.020    18.4258   4.144410    18.4720   4.148868      33.50 1.0039e-01     2.5804     2.5559     2.1490 9.6459e-01      8.174 2.4289e-04 1.2454e-01   44.26764  -63.31886          9  0.000e+00
      34124   1421.792     10.020    18.4265   4.144466    18.4713   4.148862      33.50 1.0039e-01     2.5816     2.5559     2.1490 9.6459e-01      8.174 2.4289e-04 1.2454e-01   44.26764  -63.31886          9  0.000e+00
      34125   1421.833     10.020    18.4280   4.144521    18.4699   4.148787      33.43 1.0039e-01     2.5816     2.5559     2.1368 9.6459e-01      8.174 2.4289e-04 1.2454e-01   44.26764  -63.31886          9  0.000e+00
      34126   1421.875      9.971    18.4285   4.144570    18.4670   4.148705      33.36 1.0039e-01     2.5816     2.5559     2.1245 9.5238e-01      8.174 2.4289e-04 1.2454e-01   44.26764  -63.31886          9  0.000e+00
      34127   1421.917     10.020    18.4286   4.144546    18.4641   4.148629      33.36 1.0039e-01     2.5828     2.5559     2.1123 9.4017e-01      8.174 2.4289e-04 1.2454e-01   44.26764  -63.31886          9  0.000e+00
      34128   1421.958     10.020    18.4273   4.144564    18.4636   4.148598      33.36 1.0039e-01     2.5816     2.5559     2.1001 9.2796e-01      8.174 2.4289e-04 1.2454e-01   44.26764  -63.31886          9  0.000e+00
      34129   1422.000     10.020    18.4268   4.144558    18.4662   4.148611      33.36 1.0039e-01     2.5816     2.5559     2.1123 9.1575e-01      8.174 2.4289e-04 1.2454e-01   44.26764  -63.31886          9  0.000e+00
      34130   1422.042     10.020    18.4276   4.144570    18.4650   4.148504      33.36 1.0039e-01     2.5804     2.5559     2.1245 9.0354e-01      8.174 2.4289e-04 1.2454e-01   44.26764  -63.31886          9  0.000e+00
      34131   1422.083     10.020    18.4268   4.144527    18.4640   4.148416      33.36 1.0039e-01     2.5804     2.5559     2.1368 8.9133e-01      8.174 2.4289e-04 1.2454e-01   44.26764  -63.31886          9  0.000e+00
      34132   1422.125      9.971    18.4251   4.144558    18.4617   4.148284      33.36 1.0039e-01     2.5804     2.5559     2.1368 8.9133e-01      8.174 2.4289e-04 1.2454e-01   44.26764  -63.31886          9  0.000e+00
      34133   1422.167     10.020    18.4245   4.144521    18.4594   4.148271      33.36 1.0039e-01     2.5804     2.5572     2.1245 9.0354e-01      8.174 2.4289e-04 1.2454e-01   44.26764  -63.31886          9  0.000e+00
      34134   1422.208     10.027    18.4237   4.144558    18.4606   4.148259      33.36 1.0039e-01     2.5804     2.5572     2.1368 9.1575e-01      8.174 2.4289e-04 1.2454e-01   44.26764  -63.31886          9  0.000e+00
      34135   1422.250     10.020    18.4233   4.144466    18.4617   4.148277      33.36 1.0039e-01     2.5792     2.5572     2.1490 9.1575e-01      8.174 2.4289e-04 1.2454e-01   44.26764  -63.31886          9  0.000e+00
      34136   1422.292      9.971    18.4232   4.144509    18.4612   4.148208      33.36 1.0039e-01     2.5792     2.5572     2.1490 9.4017e-01      8.174 2.4289e-04 1.2454e-01   44.26764  -63.31886          9  0.000e+00
      34137   1422.333     10.020    18.4229   4.144411    18.4603   4.148126      33.36 1.0039e-01     2.5779     2.5572     2.1612 9.6459e-01      8.174 2.4289e-04 1.2454e-01   44.26764  -63.31886          9  0.000e+00
      34138   1422.375     10.020    18.4225   4.144361    18.4620   4.148070      33.36 1.0039e-01     2.5779     2.5572     2.1490 9.7680e-01      8.174 2.3561e-04 1.2454e-01   44.26764  -63.31886          9  0.000e+00
      34139   1422.417     10.020    18.4222   4.144343    18.4638   4.148038      33.36 1.0039e-01     2.5755     2.5572     2.1368 9.6459e-01      8.174 2.3197e-04 1.2454e-01   44.26764  -63.31886          9  0.000e+00
      34140   1422.458     10.020    18.4219   4.144355    18.4656   4.148064      33.36 1.0039e-01     2.5755     2.5572     2.1123 9.5238e-01      8.174 2.3197e-04 1.2454e-01   44.26764  -63.31886          9  0.000e+00
      34141   1422.500     10.020    18.4222   4.144275    18.4666   4.148152      33.36 1.0039e-01     2.5755     2.5572     2.1123 9.4017e-01      8.174 2.3197e-04 1.2454e-01   44.26764  -63.31886          9  0.000e+00
      34142   1422.542     10.020    18.4228   4.144257    18.4676   4.148183      33.36 1.0039e-01     2.5743     2.5584     2.1123 9.2796e-01      8.174 2.3197e-04 1.2454e-01   44.26764  -63.31886          9  0.000e+00
      34143   1422.583     10.020    18.4231   4.144251    18.4660   4.148221      33.36 1.0039e-01     2.5743     2.5584     2.1245 9.1575e-01      8.174 2.3197e-04 1.2454e-01   44.26764  -63.31886          9  0.000e+00
      34144   1422.625     10.068    18.4232   4.144208    18.4640   4.148277      33.36 1.0039e-01     2.5743     2.5584     2.1490 9.1575e-01      8.174 2.3197e-04 1.2454e-01   44.26764  -63.31886          9  0.000e+00
      34145   1422.667     10.020    18.4227   4.144208    18.4629   4.148208      33.36 1.0039e-01     2.5743     2.5584     2.1490 9.1575e-01      8.174 2.3197e-04 1.2454e-01   44.26764  -63.31886          9  0.000e+00
      34146   1422.708     10.026    18.4222   4.144214    18.4635   4.148183      33.36 1.0039e-01     2.5743     2.5584     2.1368 9.1575e-01      8.174 2.3197e-04 1.2454e-01   44.26764  -63.31886          9  0.000e+00
